Sample	QualiMap_mqc-generalstats-qualimap-avg_gc	QualiMap_mqc-generalstats-qualimap-median_insert_size	QualiMap_mqc-generalstats-qualimap-1_x_pc	QualiMap_mqc-generalstats-qualimap-5_x_pc	QualiMap_mqc-generalstats-qualimap-10_x_pc	QualiMap_mqc-generalstats-qualimap-30_x_pc	QualiMap_mqc-generalstats-qualimap-50_x_pc	QualiMap_mqc-generalstats-qualimap-median_coverage	QualiMap_mqc-generalstats-qualimap-mean_coverage	QualiMap_mqc-generalstats-qualimap-percentage_aligned	QualiMap_mqc-generalstats-qualimap-mapped_reads	QualiMap_mqc-generalstats-qualimap-total_reads	QualiMap_mqc-generalstats-qualimap-general_error_rate
01_1A3 | 01_1A3	45.44236915701158	153	99.98671333520902	99.95618316188052	99.66512606608303	44.55635139021622	2.0668885692407044	28					
01_1A3 | snp_1A3_all									29.0857	99.57871885263556	818317.0	821779.0	0.3
02_DE | 02_DE	45.54524586580053	156	99.94853754917777	99.87141082322738	99.53085705065703	42.84286969444114	1.0271066073903738	28					
02_DE | snp_DE_all									28.4919	98.53049208987086	741707.0	752769.0	0.52
03_MIT9313 | 03_MIT9313	51.54554671333139	114	99.99510550742407	99.92612634510404	99.51154623242286	49.137470119745004	2.1783810262921355	29					
03_MIT9313 | snp_MIT9313_all									29.7018	98.87231568620327	544213.0	550420.0	0.21
04_MIT0604 | 04_MIT0604	32.475994682659895	160	99.75674990913232	99.75107594627376	99.68602199587542	73.07468676635239	10.39335168850955	36					
04_MIT0604 | snp_MIT0604_all									36.2127	68.24896262470376	366615.0	537173.0	0.19
04_Maricaulis | 04_Maricaulis	60.340425531914896	148	0.8532465759117545	0.00471980954529533	0.0	0.0	0.0	0					
04_Maricaulis | snp_Maricaulis_filtered									0.018	0.24679140628340696	404.0	163701.0	11.37
05_1A3 | 05_1A3	45.28870020862646	157	99.86483619905378	99.4852642657558	97.42887888837714	14.03100836837799	0.11276903538953245	22					
05_1A3 | snp_1A3_filtered									22.0633	95.82112016492916	606082.0	632514.0	0.29
05_MIT9313 | 05_MIT9313	50.944241643404176	126	94.3879250379427	56.2265204347139	15.18379441803861	0.0	0.0	6					
05_MIT9313 | snp_MIT9313_filtered									5.7136	79.7797772917081	96291.0	120696.0	0.31
06_1A3 | 06_1A3	45.3047619047619	152	98.88703173286699	84.58537338113463	43.5013377756066	0.04173765327357957	0.0006447629238966978	9					
06_1A3 | snp_1A3_filtered									9.0282	96.21004723122682	251977.0	261903.0	0.27999999999999997
06_MIT9313 | 06_MIT9313	51.2304692207408	157	99.92811732513492	99.77058103019114	99.47537676186178	81.06167350996921	10.931807689579667	37					
06_MIT9313 | snp_MIT9313_filtered									37.6997	97.94699057658988	535915.0	547148.0	0.29
07_1A3 | 07_1A3	45.330262566268964	156	99.86462127807916	99.38435886816598	95.99363661978309	9.534603673902124	0.2634716228016539	20					
07_1A3 | snp_1A3_filtered									20.4682	95.6988917358373	561363.0	586593.0	0.25
07_MIT9313 | 07_MIT9313	51.021018432568624	129	99.56795733329794	94.74248539844281	71.34942404680794	0.20349475065671233	0.0	12					
07_MIT9313 | snp_MIT9313_filtered									12.4333	89.48232030419315	204502.0	228539.0	0.27
08_1A3 | snp_1A3_filtered										0.0	0.0	24.0	
08_MIT9313 | snp_MIT9313_filtered										0.0	0.0	24.0	
09_1A3 | 09_1A3	45.39935327405012	146	83.89713194406983	27.528905259180725	2.6124504150446404	0.0	0.0	3					
09_1A3 | snp_1A3_filtered									3.4148	95.57060038119441	96274.0	100736.0	0.36
09_MIT9313 | 09_MIT9313	51.45585162740496	149	99.94873226420471	99.84242222630557	99.60346314384873	88.31153694118272	22.342943821594915	41					
09_MIT9313 | snp_MIT9313_filtered									41.7273	98.85608534655191	601477.0	608437.0	0.35000000000000003
10_1A3 | 10_1A3	45.374091627172184	162	91.59553677910401	45.776491213063416	7.982036045256339	0.00047282614419091174	0.0	4					
10_1A3 | snp_1A3_filtered									4.7195	34.9765958165022	124339.0	355492.0	0.3
10_MIT0604 | 10_MIT0604	32.360183131840635	156	97.77204264348244	76.22912922647033	31.338982203418873	0.01056143581596361	0.0	7					
10_MIT0604 | snp_MIT0604_filtered									7.7389	25.593950045955143	79363.0	310085.0	0.19
10_Maricaulis | 10_Maricaulis	60.71560693641618	134	5.542599991688386	1.2690350809491864	0.2416008169129477	0.0	0.0	0					
10_Maricaulis | snp_Maricaulis_filtered									0.2068	2.549618644517286	4807.0	188538.0	11.540000000000001
11_1A3 | 11_1A3	45.52923184479595	150	72.84948460875678	14.290117095394608	0.7200497413103689	0.0	0.0	2					
11_1A3 | snp_1A3_filtered									2.417	66.78893764180268	66823.0	100051.0	0.26
11_MIT0604 | 11_MIT0604	32.65874349659357	148	99.73000925249191	99.58456479862207	99.02896586128229	94.46170664937887	65.45500407008524	56					
11_MIT0604 | snp_MIT0604_filtered									55.6046	94.6192140324401	591864.0	625522.0	0.16999999999999998
11_Maricaulis | 11_Maricaulis	59.96850393700787	118	0.666680519357156	0.0006827397455458653	0.0	0.0	0.0	0					
11_Maricaulis | snp_Maricaulis_filtered									0.014	1.2125703122368554	360.0	29689.0	10.9
12_1A3 | 12_1A3	45.4014902476441	152	92.35594867945031	47.08177076829735	8.892011451849212	8.596838985289304e-05	0.0	4					
12_1A3 | snp_1A3_filtered									4.8599	24.37136979561007	134228.0	550761.0	0.44
12_MIT0604 | 12_MIT0604	32.272753346080314	146	99.28553010262007	92.97883611853752	64.414814997913	0.19195971374014711	0.00011235570016982565	11					
12_MIT0604 | snp_MIT0604_filtered									11.6413	23.086666999524752	124846.0	540771.0	0.2
12_Maricaulis | 12_Maricaulis	60.88968997837057	127	7.22893747884991	2.6528594921603665	0.9901210527253189	0.00026715903086577336	0.0	0					
12_Maricaulis | snp_Maricaulis_filtered									0.3594	2.571236688093639	8844.0	343959.0	11.39
13_1A3 | 13_1A3	45.43695238095237	152	77.35489449206973	18.785253756120145	1.288214829848139	0.0	0.0	2					
13_1A3 | snp_1A3_filtered									2.7786	69.03662083434632	76670.0	111057.0	0.44999999999999996
13_MIT0604 | 13_MIT0604	32.550170180523644	149	99.72472853458393	99.5788346579134	99.07761587945582	89.92489583222148	40.76068179685977	46					
13_MIT0604 | snp_MIT0604_filtered									46.4897	93.40848462358406	493364.0	528179.0	0.29
13_Maricaulis | 13_Maricaulis	60.86407766990291	120	0.5423031483207571	0.0	0.0	0.0	0.0	0					
13_Maricaulis | snp_Maricaulis_filtered									0.0111	0.9110799072592496	279.0	30623.0	11.200000000000001
14_1A3 | 14_1A3	45.46000289659168	152	98.86296058370817	83.70243503315048	41.03200323756956	0.07470653078216405	0.0	8					
14_1A3 | snp_1A3_filtered									8.8607	27.09772979300493	241673.0	891857.0	0.32
14_MIT0604 | 14_MIT0604	32.534171545746425	148	99.68826910987882	98.88694825626762	94.5658603834363	11.96357877623295	0.07982872497066112	20					
14_MIT0604 | snp_MIT0604_filtered									20.7124	25.150138207839696	218186.0	867534.0	0.2
14_Maricaulis | 14_Maricaulis	60.941286989196804	129	8.535167033762965	4.145566050617731	2.121539548441869	0.05821098439197573	0.0	0					
14_Maricaulis | snp_Maricaulis_filtered									0.5811	2.6324189338891077	14020.0	532590.0	11.43
15_1A3 | 15_1A3	45.5050452589405	158	78.26156011565328	20.095175604406137	1.4998690056659616	0.0	0.0	2					
15_1A3 | snp_1A3_filtered									2.8548	62.908519467338905	76861.0	122179.0	0.27
15_MIT0604 | 15_MIT0604	32.59531132649046	153	99.73236872219547	99.66939335225028	99.3982790477405	95.96154289094588	78.46292907939672	63					
15_MIT0604 | snp_MIT0604_filtered									62.6105	93.43845612763184	649572.0	695187.0	0.16999999999999998
15_Maricaulis | 15_Maricaulis	60.576719576719576	130	1.2424675995464234	0.004630756535006738	0.0	0.0	0.0	0					
15_Maricaulis | snp_Maricaulis_filtered									0.0271	1.659464573371858	649.0	39109.0	11.29
16_DE | 16_DE	45.77414395527603	111	50.25968898915561	6.779407967574639	0.7397783097597668	0.0	0.0	1					
16_DE | snp_DE_filtered									1.551	14.726234973229618	52479.0	356364.0	2.6100000000000003
16_MIT0604 | 16_MIT0604	33.32984940436053	106	88.84841586889438	44.38909677814412	11.601681065985941	0.007752543311717969	0.0	4					
16_MIT0604 | snp_MIT0604_filtered									4.8846	18.22637257174899	67610.0	370946.0	0.13999999999999999
16_Maricaulis | 16_Maricaulis	60.6556543837357	102	5.304056661462013	0.9663142146415022	0.13779469125321334	0.0	0.0	0					
16_Maricaulis | snp_Maricaulis_filtered									0.1803	1.9253063320859929	5248.0	272580.0	11.1
17_DE | 17_DE	45.78385305425032	147	43.30598711831923	9.335123435120824	2.12966618365757	0.00024548437079119833	0.0	0					
17_DE | snp_DE_filtered									1.5232	15.13682223996516	41708.0	275540.0	4.83
17_MIT0604 | 17_MIT0604	32.615149704574115	150	99.72972836324148	99.63720344415164	99.33889906020075	92.53682879406942	52.03934022485746	50					
17_MIT0604 | snp_MIT0604_filtered									50.5562	69.46816099549521	528784.0	761189.0	0.18
17_Maricaulis | 17_Maricaulis	60.82608695652174	126	1.8870926566887716	0.06070446868005628	0.0037699107688836907	0.0	0.0	0					
17_Maricaulis | snp_Maricaulis_filtered									0.0442	0.4986482698758578	1103.0	221198.0	11.42
18_DE | 18_DE	45.79573343401926	150	41.0891516662698	4.241836026706022	0.33057818041182013	0.0	0.0	0					
18_DE | snp_DE_filtered									1.1376	12.67153059317696	31193.0	246166.0	3.26
18_MIT0604 | 18_MIT0604	32.6501438371321	146	91.98797119873981	48.50238278351135	9.935670743867766	0.0	0.0	4					
18_MIT0604 | snp_MIT0604_filtered									4.959	20.20433104311668	54226.0	268388.0	0.18
18_Maricaulis | 18_Maricaulis	60.71786833855799	134	4.527069146694055	0.6737453915067175	0.07652622017466264	0.0	0.0	0					
18_Maricaulis | snp_Maricaulis_filtered									0.1442	1.8388998880950331	3418.0	185872.0	11.61
19_DE | 19_DE	45.56965336821452	154	14.753677634833965	0.12468374360094775	0.0	0.0	0.0	0					
19_DE | snp_DE_filtered									0.2989	12.172437726536593	7892.0	64835.0	2.22
19_MIT0604 | 19_MIT0604	32.604158185110826	152	99.72843627268954	99.53288117654395	98.80481623944348	80.1761849734363	21.246519079964113	39					
19_MIT0604 | snp_MIT0604_filtered									39.8351	87.92440432817654	417502.0	474842.0	0.19
19_Maricaulis | 19_Maricaulis	60.857142857142854	133	1.5339974708945079	0.013239214196237213	0.0	0.0	0.0	0					
19_Maricaulis | snp_Maricaulis_filtered									0.0334	1.5946843853820596	792.0	49665.0	11.41
20_DE | 20_DE	45.707396812423376	139	42.265044119120624	10.23225722655775	2.8185622783806155	0.0006025525464874869	0.0	0					
20_DE | snp_DE_filtered									1.5949	10.044038839072531	45432.0	452328.0	5.08
20_MIT0604 | 20_MIT0604	32.55925774639667	143	98.826332356026	86.07221887339816	47.28225605751713	0.05499811523312965	0.0	9					
20_MIT0604 | snp_MIT0604_filtered									9.5163	20.23928549595439	102632.0	507093.0	0.22
20_Maricaulis | 20_Maricaulis	60.933406113537124	123	5.753804047756161	1.4404027570811986	0.2941124086464536	0.0	0.0	0					
20_Maricaulis | snp_Maricaulis_filtered									0.2211	1.5244292783941304	5477.0	359282.0	11.43
21_DE | 21_DE	45.823144104803504	147	17.059869397851386	0.3740289140418622	0.002053142010253659	0.0	0.0	0					
21_DE | snp_DE_filtered									0.3646	12.36541598694943	9854.0	79690.0	3.7199999999999998
21_MIT0604 | 21_MIT0604	32.65455861425976	152	99.72534649093487	99.59130614063226	99.08424486576584	88.46663119971731	37.605509024690726	45					
21_MIT0604 | snp_MIT0604_filtered									45.586	87.04956195427876	474152.0	544692.0	0.27
21_Maricaulis | 21_Maricaulis	60.95020746887966	124	1.5727948990435707	0.028229804261483384	0.0	0.0	0.0	0					
21_Maricaulis | snp_Maricaulis_filtered									0.0362	1.4496290511518939	891.0	61464.0	11.37
