1,1767948,30.907998
2,687074,30.451621
3,379202,9.277109
4,340362,9.844637
5,280892,30.456200
6,195593,9.587939
7,183150,30.766488
8,151428,9.650478
9,139724,10.008582
10,133304,9.383219
11,121403,9.464074
12,114386,9.926343
13,108200,9.799950
14,107884,30.885706
15,107705,10.029160
16,106933,9.225118
17,96902,9.720971
18,93691,9.932592
19,87804,9.953306
20,86776,9.519833
21,83928,9.653691
22,75668,30.556241
23,73153,30.983650
24,58278,9.761002
25,55433,9.961812
26,50464,9.431373
27,46567,9.323966
28,38182,8.924977
29,36315,6.865121
30,35261,9.531451
31,34627,9.307275
32,33148,9.889525
33,31999,7.850809
34,31986,7.141593
35,31080,7.150454
36,31011,6.775256
37,29545,30.539092
38,27680,6.913403
39,27616,7.638255
40,26692,8.269603
41,26672,9.873686
42,26112,8.532153
43,22329,7.291460
44,21867,8.341812
45,20301,9.155547
46,19719,9.131533
47,19697,8.359325
48,19530,7.629542
49,19506,7.060684
50,18499,9.687133
51,16526,7.032136
52,16299,30.067153
53,14853,7.216284
54,14179,7.700256
55,13764,28.401995
56,13716,6.857826
57,13123,7.501154
58,12835,10.108278
59,12360,9.170441
60,12301,6.898144
61,11996,8.248378
62,11956,7.386592
63,11826,7.715617
64,11388,8.546133
65,11364,7.546053
66,10963,7.385197
67,10605,7.655564
68,10495,8.161555
69,10419,8.188982
70,10414,18.606202
71,10117,7.963363
72,10085,6.393252
73,10066,8.767482
74,9914,7.638704
75,9672,7.557988
76,9517,10.305112
77,9417,7.142411
78,9187,7.766887
79,8887,6.783333
80,8777,8.864624
81,8751,6.807166
82,8617,6.679623
83,8513,7.238254
84,8317,7.777289
85,8089,8.051871
86,7996,7.013979
87,7803,9.823476
88,7535,6.987581
89,7390,6.892331
90,7043,5.663389
91,6783,7.249399
92,6648,6.260850
93,6590,8.212131
94,6415,7.834606
95,6334,7.439182
96,6224,7.002624
97,6208,6.679329
98,6189,8.344771
99,6123,6.706971
100,6086,8.025675
101,5992,7.534527
102,5964,6.384444
103,5927,6.881207
104,5892,6.569818
105,5880,7.896576
106,5802,7.501145
107,5753,7.482048
108,5725,6.335477
109,5668,6.453348
110,5643,7.786802
111,5467,6.400375
112,5466,6.011051
113,5392,6.241216
114,5371,8.407132
115,5344,6.354610
116,5308,6.620923
117,5247,6.960547
118,5244,7.345710
119,5152,7.141692
120,4935,7.076331
121,4853,6.338553
122,4851,5.787468
123,4797,7.293576
124,4739,5.954683
125,4615,7.512032
126,4612,16.735786
127,4533,6.941443
128,4477,5.567586
129,4471,6.758517
130,4438,6.548365
131,4381,7.962388
132,4345,6.899716
133,4329,7.613755
134,4326,7.271493
135,4291,7.503602
136,4198,8.055515
137,4197,8.277150
138,4195,6.069076
139,4189,6.507878
140,4091,9.550454
141,4090,7.064345
142,4089,7.197627
143,4080,7.990134
144,4074,6.837598
145,4062,5.824651
146,4006,8.136118
147,4001,7.324213
148,3991,7.116718
149,3963,6.554745
150,3963,5.069604
151,3960,5.552309
152,3957,7.189556
153,3956,6.572996
154,3933,6.682081
155,3921,4.645229
156,3912,6.956143
157,3900,6.863769
158,3883,6.539936
159,3841,6.662897
160,3804,23.295621
161,3778,5.528896
162,3770,5.941532
163,3745,6.018795
164,3739,5.075858
165,3722,8.179416
166,3721,10.006678
167,3721,7.191708
168,3705,5.902739
169,3688,6.055602
170,3680,7.839572
171,3667,7.974576
172,3667,6.932768
173,3654,5.996881
174,3624,6.667429
175,3617,6.721203
176,3582,5.195658
177,3551,5.459404
178,3529,7.226337
179,3526,6.010886
180,3500,7.943077
181,3499,5.550415
182,3496,7.158207
183,3468,11.414547
184,3427,8.931515
185,3420,6.170969
186,3411,6.809074
187,3411,6.534409
188,3384,7.470986
189,3371,8.398582
190,3343,7.974502
191,3340,9.392157
192,3325,8.396498
193,3318,7.435287
194,3288,17.272382
195,3285,7.456935
196,3284,6.348115
197,3276,7.374405
198,3269,5.168046
199,3268,8.070360
200,3256,6.852029
201,3225,7.162686
202,3213,7.288723
203,3207,8.080195
204,3193,7.187867
205,3189,7.570216
206,3182,6.671031
207,3174,6.534624
208,3168,7.460704
209,3160,6.324431
210,3109,7.303823
211,3109,6.978873
212,3106,5.298422
213,3103,9.855175
214,3063,7.617507
215,3052,7.557949
216,3049,7.855236
217,3027,6.362759
218,3015,6.242729
219,3013,5.057519
220,3006,7.391803
221,3001,6.348643
222,2985,7.106018
223,2979,6.712833
224,2968,8.193946
225,2966,6.097217
226,2945,6.306246
227,2919,6.177650
228,2918,6.685059
229,2907,5.260432
230,2904,5.592006
231,2902,6.975135
232,2900,5.634692
233,2897,7.396751
234,2880,8.325826
235,2879,5.386628
236,2849,5.909625
237,2845,6.233260
238,2839,7.986726
239,2832,8.020702
240,2828,8.478341
241,2811,5.876304
242,2799,6.906811
243,2797,6.898876
244,2792,9.239775
245,2791,11.749625
246,2783,7.619352
247,2782,8.315254
248,2774,6.584813
249,2771,6.776097
250,2760,5.337258
251,2744,8.432174
252,2744,7.795950
253,2741,6.309487
254,2737,6.747126
255,2734,9.208285
256,2715,6.020093
257,2704,7.729142
258,2704,7.122235
259,2702,3.969709
260,2697,5.949416
261,2680,8.914219
262,2678,5.802038
263,2675,3.899137
264,2664,7.719354
265,2662,5.181854
266,2661,5.867009
267,2660,5.198579
268,2636,4.754085
269,2635,7.982456
270,2628,5.175530
271,2624,6.780136
272,2615,9.202974
273,2607,4.844758
274,2600,7.841892
275,2597,6.849393
276,2597,5.714170
277,2595,7.033225
278,2594,6.686664
279,2588,5.547745
280,2585,8.897478
281,2568,6.618599
282,2554,5.902349
283,2554,3.921302
284,2552,7.583918
285,2544,7.112950
286,2539,5.557214
287,2532,6.918503
288,2517,3.906695
289,2510,8.744440
290,2509,8.935348
291,2484,7.449300
292,2478,7.186304
293,2458,7.556843
294,2447,7.159052
295,2438,6.467330
296,2421,5.795990
297,2416,6.604631
298,2415,7.547203
299,2415,6.612762
300,2403,7.168717
301,2392,5.346137
302,2383,6.560284
303,2380,5.380382
304,2378,7.046646
305,2377,5.734667
306,2373,6.394034
307,2371,1.741979
308,2365,4.992404
309,2342,7.171558
310,2339,5.348101
311,2335,6.477808
312,2331,6.435572
313,2327,22.240909
314,2306,6.766407
315,2291,7.347967
316,2271,7.435168
317,2269,6.626984
318,2267,7.504206
319,2251,6.048964
320,2248,6.785479
321,2244,8.799244
322,2233,7.904084
323,2231,7.685361
324,2224,7.415832
325,2208,6.999039
326,2198,7.807339
327,2196,5.531174
328,2194,5.861151
329,2193,7.530010
330,2188,5.402717
331,2186,5.912093
332,2181,7.713729
333,2179,6.331871
334,2178,7.243784
335,2170,6.482624
336,2170,5.124816
337,2165,6.889107
338,2158,7.581487
339,2152,6.810864
340,2148,6.098961
341,2130,8.077384
342,2126,5.920960
343,2124,6.945418
344,2121,6.175527
345,2111,1.917843
346,2107,5.385354
347,2107,5.129293
348,2097,7.870558
349,2096,5.166074
350,2076,6.070292
351,2074,6.148433
352,2066,6.521919
353,2065,5.909701
354,2060,6.402483
355,2056,10.871954
356,2052,6.889870
357,2048,4.946382
358,2041,5.489028
359,2037,6.336126
360,2033,6.406611
361,2031,7.388655
362,2025,5.021602
363,2022,5.604222
364,2021,6.713305
365,2019,5.036469
366,2009,6.426142
367,2006,6.993614
368,2002,5.528533
369,1998,6.107964
370,1995,8.129550
371,1993,5.275991
372,1991,6.049893
373,1990,6.004831
374,1985,5.458019
375,1974,5.985923
376,1971,5.968004
377,1970,9.003256
378,1970,7.361910
379,1966,5.322458
380,1965,7.657780
381,1965,5.793798
382,1962,7.885559
383,1960,6.666121
384,1959,5.574782
385,1957,7.908743
386,1951,6.992325
387,1950,5.773999
388,1949,6.293633
389,1938,5.757040
390,1936,6.016031
391,1926,9.250139
392,1921,6.163322
393,1920,6.236475
394,1912,6.769188
395,1903,7.662162
396,1900,5.119007
397,1899,6.629797
398,1899,5.089729
399,1899,3.211625
400,1885,3.699090
401,1882,6.458120
402,1881,6.660775
403,1877,4.997143
404,1875,7.325515
405,1873,6.528637
406,1871,5.776376
407,1860,6.160992
408,1859,4.386836
409,1854,7.104227
410,1852,7.141449
411,1849,6.153891
412,1846,6.274578
413,1844,6.600466
414,1843,5.405594
415,1840,5.321658
416,1830,6.517322
417,1821,5.340024
418,1811,8.062945
419,1807,7.991667
420,1801,6.093787
421,1799,5.967703
422,1795,5.560552
423,1794,5.136773
424,1792,6.024024
425,1790,6.020445
426,1787,5.961446
427,1787,5.759639
428,1785,4.986731
429,1783,6.388285
430,1780,6.446461
431,1779,6.035714
432,1778,5.764991
433,1776,5.621589
434,1774,6.013965
435,1770,7.575776
436,1768,4.850091
437,1765,7.837607
438,1762,7.000612
439,1761,7.847613
440,1761,5.340881
441,1759,5.505515
442,1756,6.783917
443,1753,8.328413
444,1751,5.588054
445,1746,7.197035
446,1745,7.584672
447,1743,6.657797
448,1742,6.941176
449,1737,6.393168
450,1733,9.039228
451,1733,7.636986
452,1733,6.269614
453,1733,4.937111
454,1729,8.012484
455,1727,7.101875
456,1725,3.920526
457,1723,5.719925
458,1720,8.887633
459,1715,6.540932
460,1711,4.703914
461,1709,6.091024
462,1709,5.116941
463,1707,6.970886
464,1703,8.723985
465,1701,5.949809
466,1699,6.076972
467,1697,6.265605
468,1694,6.050415
469,1693,6.193487
470,1691,9.308184
471,1688,5.368354
472,1685,5.340822
473,1683,10.708226
474,1678,7.482270
475,1674,5.268261
476,1665,1.360858
477,1664,4.730644
478,1663,6.248047
479,1663,4.581380
480,1661,7.169492
481,1658,6.755715
482,1657,6.007190
483,1652,71.376393
484,1651,6.897638
485,1648,7.535174
486,1646,6.641870
487,1644,7.684245
488,1644,6.156889
489,1643,7.029024
490,1642,4.493069
491,1640,5.116986
492,1629,5.059920
493,1618,6.297787
494,1617,6.320134
495,1608,6.212019
496,1607,5.818243
497,1605,4.550068
498,1603,6.254065
499,1598,9.456152
500,1597,5.287755
501,1595,6.604223
502,1594,5.688480
503,1587,4.353425
504,1586,8.780672
505,1585,5.992455
506,1584,5.934798
507,1583,5.878434
508,1581,5.932600
509,1580,8.605643
510,1580,6.158981
511,1578,4.891110
512,1575,8.120166
513,1575,7.163674
514,1574,4.672426
515,1572,5.013149
516,1570,3.668053
517,1567,3.820833
518,1565,7.728790
519,1563,7.590529
520,1562,6.602091
521,1562,5.196516
522,1556,5.574528
523,1553,5.869565
524,1548,5.010556
525,1536,6.628815
526,1536,3.530873
527,1527,6.058571
528,1526,6.233738
529,1523,7.676934
530,1520,6.740129
531,1514,7.369142
532,1514,5.547945
533,1510,7.674620
534,1506,6.642495
535,1493,4.319180
536,1492,3.865201
537,1486,7.600442
538,1484,6.872513
539,1477,6.221481
540,1475,7.866469
541,1475,7.005935
542,1471,8.354911
543,1465,9.890882
544,1465,7.121824
545,1461,6.428036
546,1461,5.022489
547,1460,8.003001
548,1460,5.921980
549,1459,6.201952
550,1459,5.063063
551,1455,7.189006
552,1454,7.246420
553,1452,6.169057
554,1448,3.121877
555,1441,7.160578
556,1436,16.634836
557,1434,1.750574
558,1429,3.726575
559,1427,1.687692
560,1423,6.313272
561,1421,6.218702
562,1418,7.434547
563,1418,6.289698
564,1412,5.524514
565,1411,4.752336
566,1410,6.753702
567,1409,7.031981
568,1405,8.132238
569,1402,8.392157
570,1401,7.881476
571,1397,6.737008
572,1395,6.458991
573,1393,8.832543
574,1393,7.564771
575,1392,3.849802
576,1387,4.613492
577,1387,3.665873
578,1386,6.679110
579,1386,6.313741
580,1385,5.504769
581,1384,7.427208
582,1384,6.951472
583,1382,6.219920
584,1381,6.536683
585,1380,6.358340
586,1379,3.621406
587,1378,5.446843
588,1378,4.139888
589,1376,6.000801
590,1371,6.931672
591,1370,5.493966
592,1370,3.729686
593,1367,4.459677
594,1364,4.983832
595,1362,5.174089
596,1360,5.317924
597,1358,6.402112
598,1358,5.207961
599,1353,5.253670
600,1353,4.903752
601,1351,7.343954
602,1350,5.942764
603,1347,7.485246
604,1347,5.097541
605,1345,6.771757
606,1341,7.675453
607,1341,6.659802
608,1340,5.812861
609,1340,5.754328
610,1339,5.220297
611,1338,6.211396
612,1338,5.061107
613,1337,7.495041
614,1337,1.261983
615,1336,4.198511
616,1335,6.086093
617,1334,7.005800
618,1333,6.781924
619,1333,5.777778
620,1331,9.069767
621,1330,7.756442
622,1330,5.906068
623,1326,4.715596
624,1322,4.576569
625,1321,7.525963
626,1321,7.204355
627,1321,5.149916
628,1319,6.231544
629,1318,3.026029
630,1316,5.867115
631,1316,5.706476
632,1315,5.810606
633,1310,6.884193
634,1306,9.185751
635,1306,7.578456
636,1306,6.949109
637,1305,7.600170
638,1299,9.087884
639,1298,44.577284
640,1297,5.928205
641,1297,5.529915
642,1295,6.618151
643,1295,6.119007
644,1295,5.999144
645,1294,16.463582
646,1292,3.537339
647,1283,54.329585
648,1280,7.616652
649,1279,4.708333
650,1277,5.425217
651,1276,8.274151
652,1276,5.037424
653,1275,1.779617
654,1273,7.308901
655,1273,4.981675
656,1272,7.644541
657,1269,5.257443
658,1264,6.660510
659,1264,6.627089
660,1263,6.129401
661,1261,7.649030
662,1261,5.792769
663,1257,8.684071
664,1257,1.703540
665,1256,7.086802
666,1256,4.961913
667,1256,3.247121
668,1255,7.179965
669,1255,5.250887
670,1251,8.322064
671,1251,4.376335
672,1248,6.906334
673,1248,6.244425
674,1242,5.334529
675,1241,5.747756
676,1241,3.859964
677,1241,2.776481
678,1240,5.625337
679,1239,4.064748
680,1237,3.772973
681,1236,4.229035
682,1234,8.260163
683,1233,6.256781
684,1232,6.066063
685,1232,4.685068
686,1231,6.863225
687,1229,5.571688
688,1228,6.330609
689,1228,6.059037
690,1222,8.324201
691,1222,6.589041
692,1222,5.990868
693,1220,7.726441
694,1220,5.784995
695,1214,1.827967
696,1213,6.910681
697,1213,4.487109
698,1213,2.306630
699,1212,7.236866
700,1212,4.710599
701,1211,7.810886
702,1210,7.369344
703,1208,7.243293
704,1208,7.060130
705,1208,6.324699
706,1206,5.791474
707,1203,4.205390
708,1200,6.837838
709,1196,8.528531
710,1196,6.668849
711,1196,6.653882
712,1193,5.323640
713,1184,6.356670
714,1183,4.569129
715,1181,7.509488
716,1180,7.207977
717,1179,8.531369
718,1179,3.332700
719,1176,6.959009
720,1176,4.928503
721,1175,6.739504
722,1174,5.795606
723,1174,3.719198
724,1172,5.543541
725,1171,6.955939
726,1171,5.873563
727,1170,9.004794
728,1170,6.445829
729,1170,5.954938
730,1170,5.210930
731,1169,7.658349
732,1169,6.367562
733,1168,5.886647
734,1167,2.695192
735,1160,7.783156
736,1160,3.856728
737,1159,7.920543
738,1159,1.190891
739,1158,4.907856
740,1157,4.062136
741,1156,5.130224
742,1154,6.702045
743,1154,5.949367
744,1154,4.347614
745,1151,5.883789
746,1150,5.097752
747,1148,1.202742
748,1147,1.246078
749,1145,5.895874
750,1144,1.280236
751,1143,5.111220
752,1143,1.064961
753,1141,5.709073
754,1142,5.212032
755,1140,1.253702
756,1139,3.457510
757,1135,6.658730
758,1134,5.849057
759,1129,7.559880
760,1127,7.183000
761,1127,5.247000
762,1126,5.455455
763,1125,4.444890
764,1124,8.932798
765,1122,1.337688
766,1120,6.702920
767,1119,8.576613
768,1119,4.480847
769,1117,5.561616
770,1115,7.365385
771,1114,5.102330
772,1113,6.873225
773,1113,3.439148
774,1113,1.798174
775,1112,5.443655
776,1112,3.273096
777,1111,5.925813
778,1110,7.224822
779,1109,8.252546
780,1108,4.397554
781,1107,4.860204
782,1106,6.532176
783,1106,6.506639
784,1106,4.870276
785,1104,7.081883
786,1103,5.527664
787,1103,1.037910
788,1102,5.911795
789,1102,5.270769
790,1102,5.176410
791,1101,8.028747
792,1101,6.866530
793,1101,4.088296
794,1100,10.713258
795,1100,6.644399
796,1098,8.951596
797,1098,1.549949
798,1097,5.757732
799,1095,5.369835
800,1095,5.149793
801,1094,7.365047
802,1093,5.393375
803,1092,6.948187
804,1088,5.926119
805,1087,5.711458
806,1086,5.962461
807,1086,5.315954
808,1085,3.935282
809,1084,7.719958
810,1082,9.023037
811,1082,6.019895
812,1081,7.401468
813,1081,6.639413
814,1081,6.618449
815,1081,5.401468
816,1081,0.853249
817,1078,5.619348
818,1078,4.290221
819,1078,4.036803
820,1077,1.541053
821,1076,7.249737
822,1076,4.346681
823,1075,0.989451
824,1071,1.587924
825,1070,5.853659
826,1069,4.003185
827,1068,6.701382
828,1067,7.594681
829,1067,7.067021
830,1067,6.340426
831,1065,5.866738
832,1064,5.630736
833,1064,4.679829
834,1064,2.712914
835,1063,5.555556
836,1062,6.443850
837,1062,5.665241
838,1062,5.048128
839,1062,4.219251
840,1060,5.660236
841,1059,6.068670
842,1057,7.763441
843,1057,6.881720
844,1056,8.290635
845,1055,6.907328
846,1054,1.348436
847,1052,12.099459
848,1052,7.829189
849,1050,4.242687
850,1048,5.220413
851,1048,4.927253
852,1047,4.789130
853,1046,7.231774
854,1044,6.411123
855,1044,5.908397
856,1042,5.177049
857,1040,6.947426
858,1039,6.429825
859,1038,1.511526
860,1035,1.319383
861,1032,1.556906
862,1031,2.274336
863,1030,1.756368
864,1028,5.194229
865,1024,5.550725
866,1024,1.726867
867,1021,4.695749
868,1020,4.759239
869,1019,9.140135
870,1018,6.906846
871,1018,5.953984
872,1018,5.306397
873,1017,7.425843
874,1017,5.604494
875,1016,5.611924
876,1014,6.790304
877,1013,7.486456
878,1013,7.267494
879,1013,7.106095
880,1013,6.299097
881,1010,7.177803
882,1010,6.681767
883,1008,6.206583
884,1008,5.065834
885,1007,4.759091
886,1006,8.459613
887,1005,7.720957
888,1005,5.941913
889,1003,5.004566
890,1003,3.682648
891,1003,1.262557
892,1002,5.292571
893,1001,7.355835
894,1000,8.405498
895,999,4.986239
896,999,3.946101
897,997,8.955172
898,997,7.009195
899,997,5.491954
900,997,4.549425
901,996,7.766398
902,996,4.566168
903,996,1.293441
904,995,4.908986
905,995,4.238479
906,994,1.678201
907,993,5.990762
908,993,3.938799
909,993,3.841801
910,993,2.008083
911,991,1.189815
912,990,6.523754
913,989,7.002320
914,988,5.098722
915,987,4.274419
916,986,3.471478
917,984,6.296383
918,983,5.003505
919,982,6.259649
920,982,4.605848
921,981,5.218970
922,981,4.451991
923,980,5.910903
924,979,1.800469
925,978,6.976498
926,977,7.134118
927,977,1.189412
928,976,3.167256
929,975,3.642689
930,974,5.611570
931,973,6.924350
932,972,6.023669
933,972,1.024852
934,971,5.815166
935,971,4.518957
936,971,1.072275
937,968,4.605232
938,968,4.482759
939,967,5.859524
940,965,7.420048
941,965,5.887828
942,963,4.883971
943,962,6.404790
944,962,1.601198
945,960,8.474190
946,957,7.495181
947,957,5.704819
948,957,3.526506
949,955,3.793478
950,955,1.088164
951,953,7.181598
952,953,5.638015
953,952,2.265455
954,951,1.382282
955,950,6.695018
956,950,1.088700
957,949,6.961071
958,949,5.417275
959,948,6.266748
960,948,5.848965
961,947,5.408537
962,946,5.984127
963,946,5.772894
964,946,4.838828
965,946,1.233211
966,945,6.962103
967,945,6.034230
968,945,5.694377
969,944,4.776010
970,943,3.574755
971,942,4.846626
972,940,8.552276
973,940,7.564576
974,940,5.675277
975,940,5.370234
976,939,5.996305
977,939,4.937192
978,939,3.389163
979,938,6.144266
980,938,4.574599
981,938,0.817509
982,934,2.174721
983,933,4.511166
984,932,8.352795
985,931,4.430348
986,930,6.108344
987,928,7.144819
988,927,7.073750
989,926,5.105131
990,926,0.928661
991,924,8.036386
992,924,5.983689
993,923,8.143216
994,923,7.866834
995,923,6.497487
996,923,1.498744
997,922,6.683019
998,922,4.830189
999,922,3.096855
1000,921,5.377834
1001,921,4.035264
1002,920,3.683480
1003,919,3.688131
1004,918,4.003793
1005,917,1.041772
1006,916,5.731305
1007,916,3.007605
1008,915,8.720812
1009,915,4.425127
1010,914,8.505718
1011,914,7.523507
1012,914,6.304956
1013,913,8.693384
1014,912,6.368153
1015,912,4.856051
1016,911,5.420918
1017,911,4.860969
1018,910,10.888889
1019,908,7.499360
1020,908,6.642766
1021,907,4.891026
1022,906,3.326059
1023,905,7.510283
1024,905,5.881748
1025,905,5.597686
1026,904,5.642214
1027,904,1.773488
1028,903,6.041237
1029,903,2.773196
1030,902,1.646452
1031,901,7.244186
1032,901,1.453488
1033,900,8.746442
1034,900,4.738680
1035,900,4.107374
1036,899,2.576425
1037,898,5.333333
1038,897,5.477922
1039,897,2.603896
1040,896,6.647594
1041,895,5.623698
1042,895,4.902344
1043,895,2.029948
1044,894,9.391134
1045,894,5.976532
1046,894,2.109518
1047,893,8.507833
1048,891,8.992147
1049,891,6.306283
1050,890,8.572739
1051,890,6.555701
1052,890,4.580603
1053,888,5.534823
1054,888,4.554534
1055,888,2.193167
1056,887,6.884211
1057,887,5.897368
1058,886,7.122530
1059,885,6.707124
1060,884,7.749009
1061,884,4.375165
1062,883,4.548942
1063,882,6.292715
1064,881,7.799735
1065,881,1.904509
1066,879,4.988032
1067,877,6.376000
1068,877,5.600000
1069,877,4.381333
1070,876,7.483311
1071,876,5.437917
1072,876,3.340454
1073,875,7.645722
1074,875,5.081551
1075,874,3.050870
1076,873,6.498660
1077,873,5.512064
1078,873,4.422252
1079,872,6.532886
1080,871,7.211022
1081,871,1.473118
1082,868,1.406208
1083,867,6.898649
1084,866,4.384303
1085,865,5.827913
1086,864,8.364993
1087,864,7.622795
1088,864,4.373134
1089,863,7.158967
1090,863,3.671196
1091,863,1.426630
1092,862,8.721088
1093,862,6.122449
1094,862,6.050340
1095,862,3.175510
1096,860,8.879945
1097,860,7.214188
1098,860,3.514325
1099,858,5.042408
1100,858,0.879617
1101,857,4.047945
1102,856,5.437586
1103,856,1.300412
1104,855,7.891484
1105,855,5.372253
1106,855,0.664835
1107,854,9.209078
1108,854,6.631362
1109,854,0.757909
1110,853,2.157025
1111,852,9.580690
1112,852,1.451034
1113,852,1.084138
1114,851,8.158840
1115,851,3.033149
1116,850,4.643154
1117,849,8.470914
1118,849,6.256233
1119,848,3.178918
1120,847,5.129167
1121,847,4.665278
1122,847,4.548611
1123,847,4.406944
1124,846,6.721836
1125,846,6.141864
1126,846,6.105702
1127,846,5.998609
1128,846,1.582754
1129,845,4.185237
1130,844,7.231520
1131,844,6.283124
1132,843,8.206704
1133,843,6.987430
1134,843,5.293296
1135,843,3.789106
1136,842,5.234965
1137,842,2.903497
1138,840,7.956522
1139,840,5.483871
1140,840,4.433380
1141,840,1.730715
1142,839,5.244382
1143,839,2.181180
1144,839,1.869382
1145,838,7.035162
1146,838,1.656821
1147,837,5.094366
1148,836,9.748942
1149,836,5.877292
1150,836,5.220028
1151,836,1.208745
1152,835,8.956215
1153,835,8.535311
1154,835,5.388418
1155,835,4.305085
1156,835,1.115819
1157,833,2.553824
1158,831,4.420455
1159,830,7.685633
1160,830,6.931721
1161,830,5.285917
1162,830,4.876245
1163,830,2.092461
1164,829,6.780627
1165,829,5.250712
1166,826,9.396280
1167,826,3.789700
1168,825,6.792264
1169,825,3.974212
1170,825,1.041547
1171,824,3.068867
1172,823,5.672414
1173,823,0.872126
1174,822,5.618705
1175,822,1.512230
1176,821,0.976945
1177,820,6.658009
1178,819,6.768786
1179,819,5.939306
1180,819,4.890173
1181,819,4.481214
1182,818,3.214182
1183,817,6.482609
1184,816,7.085631
1185,816,6.325109
1186,816,1.442671
1187,816,1.208999
1188,815,4.630814
1189,814,5.168850
1190,812,5.103650
1191,810,10.317716
1192,810,6.081991
1193,808,6.359765
1194,808,4.895742
1195,808,4.728341
1196,808,0.813510
1197,807,3.141176
1198,805,6.582596
1199,805,4.693215
1200,804,6.605613
1201,804,5.351551
1202,804,4.809453
1203,804,3.075332
1204,804,2.087149
1205,803,8.028107
1206,802,7.444444
1207,801,5.664688
1208,801,5.295252
1209,801,4.761128
1210,801,2.599407
1211,800,8.407132
1212,800,7.479941
1213,800,5.206538
1214,800,2.463596
1215,799,6.135417
1216,799,5.712798
1217,799,4.703869
1218,799,1.279762
1219,798,5.624441
1220,798,4.569300
1221,798,3.891207
1222,797,5.186567
1223,797,4.819403
1224,797,3.028358
1225,796,6.325859
1226,795,1.392216
1227,794,1.677661
1228,793,7.007508
1229,793,1.735736
1230,793,1.037538
1231,792,1.906767
1232,791,5.799699
1233,790,6.082956
1234,789,1.063444
1235,788,5.558245
1236,788,0.996974
1237,787,7.010606
1238,787,5.640909
1239,786,3.701062
1240,785,6.366261
1241,785,4.636778
1242,784,7.063927
1243,784,6.955860
1244,784,5.993912
1245,784,5.013699
1246,784,1.779300
1247,784,1.211568
1248,783,1.292683
1249,782,4.980153
1250,782,0.922137
1251,780,3.352221
1252,780,1.413476
1253,779,6.296012
1254,779,1.627301
1255,778,1.838710
1256,777,8.229231
1257,777,7.518462
1258,776,6.819723
1259,776,5.597843
1260,776,4.379045
1261,775,7.237654
1262,775,5.776235
1263,775,1.608025
1264,774,3.914992
1265,773,7.605263
1266,773,4.069659
1267,772,1.879070
1268,772,1.401550
1269,771,7.700311
1270,771,3.624224
1271,771,1.282609
1272,770,2.849145
1273,769,4.127726
1274,768,8.528861
1275,768,8.127925
1276,768,0.951638
1277,767,7.971875
1278,767,5.556250
1279,767,3.742188
1280,766,4.143975
1281,765,4.578370
1282,764,6.342229
1283,764,5.433281
1284,764,4.868132
1285,762,7.588976
1286,762,6.037795
1287,762,3.625197
1288,761,6.570978
1289,761,5.094637
1290,761,2.958991
1291,761,1.198738
1292,760,5.519747
1293,760,3.571880
1294,759,5.457278
1295,758,2.857369
1296,757,5.961905
1297,757,5.252381
1298,756,7.686804
1299,756,4.613672
1300,754,8.558214
1301,754,2.208931
1302,753,7.488818
1303,753,4.867412
1304,753,3.838658
1305,752,3.984000
1306,752,2.768000
1307,751,7.293269
1308,751,5.668269
1309,751,5.633013
1310,751,3.745192
1311,750,6.041734
1312,750,2.083467
1313,750,1.186196
1314,749,1.863344
1315,748,8.982287
1316,747,6.004839
1317,747,3.954839
1318,747,1.629032
1319,746,4.261712
1320,746,3.801292
1321,745,1.849515
1322,744,5.935170
1323,744,4.168558
1324,744,1.996759
1325,743,10.680195
1326,743,2.691558
1327,742,5.855285
1328,742,3.921951
1329,742,1.118699
1330,741,8.079805
1331,741,5.003257
1332,741,3.806189
1333,741,2.799674
1334,741,1.684039
1335,740,6.634584
1336,739,3.691176
1337,739,3.017974
1338,739,1.973856
1339,739,1.271242
1340,738,2.090016
1341,738,1.903437
1342,737,7.008197
1343,737,2.801639
1344,737,1.485246
1345,736,6.563218
1346,735,6.960526
1347,735,6.463816
1348,735,5.203947
1349,735,4.899671
1350,735,1.093750
1351,734,5.227348
1352,734,0.981878
1353,733,4.975248
1354,732,1.226446
1355,731,6.072848
1356,731,4.630795
1357,730,7.058043
1358,730,4.285240
1359,730,1.109453
1360,729,4.093023
1361,728,5.941764
1362,727,4.378333
1363,727,4.333333
1364,726,1.829716
1365,726,1.160267
1366,725,1.540134
1367,725,1.449833
1368,724,7.197655
1369,724,4.834171
1370,724,2.299832
1371,724,1.368509
1372,723,11.691275
1373,723,8.468121
1374,723,4.671141
1375,722,5.709244
1376,721,7.185185
1377,721,1.882155
1378,721,0.986532
1379,720,7.300169
1380,720,5.910624
1381,720,5.193929
1382,720,4.839798
1383,719,6.729730
1384,719,6.587838
1385,719,4.407095
1386,719,3.898649
1387,719,1.728041
1388,719,1.439189
1389,718,3.367174
1390,718,0.998308
1391,717,8.684746
1392,717,5.567797
1393,717,1.254237
1394,716,7.179966
1395,716,5.823430
1396,716,4.488964
1397,716,3.093379
1398,715,5.498299
1399,715,3.535714
1400,715,2.683673
1401,715,2.062925
1402,715,0.950680
1403,714,1.575809
1404,712,5.794872
1405,712,1.239316
1406,711,7.578767
1407,711,6.813356
1408,711,5.212329
1409,711,5.169521
1410,711,3.845890
1411,711,3.494863
1412,711,3.287671
1413,711,3.152397
1414,711,2.857877
1415,710,5.097770
1416,710,4.325901
1417,710,3.907376
1418,710,1.917667
1419,709,6.146048
1420,709,3.611684
1421,709,1.670103
1422,708,0.891566
1423,708,0.788296
1424,707,7.548276
1425,706,4.020725
1426,705,6.624567
1427,705,6.257785
1428,703,7.508681
1429,703,4.190972
1430,702,1.243478
1431,701,6.486063
1432,700,7.787086
1433,700,5.982548
1434,700,5.537522
1435,700,4.858639
1436,700,1.853403
1437,699,8.846154
1438,699,3.486014
1439,699,1.110140
1440,698,3.485114
1441,698,1.984238
1442,698,1.852890
1443,698,1.238179
1444,698,1.082312
1445,697,7.661404
1446,697,4.208772
1447,696,6.321617
1448,696,5.581722
1449,696,4.033392
1450,695,6.084507
1451,695,4.623239
1452,693,9.443463
1453,693,6.526502
1454,693,4.448763
1455,693,3.397527
1456,693,1.598940
1457,692,6.553982
1458,692,1.872566
1459,691,6.854610
1460,691,1.929078
1461,690,4.431616
1462,689,5.450178
1463,689,1.430605
1464,688,1.729055
1465,687,7.260714
1466,687,7.183929
1467,687,6.005357
1468,687,5.294643
1469,687,4.860714
1470,686,4.772809
1471,686,1.762075
1472,686,1.635063
1473,685,3.745520
1474,685,1.646953
1475,684,4.262118
1476,684,3.515260
1477,683,3.325540
1478,683,2.428058
1479,683,1.487410
1480,682,6.223423
1481,682,5.717117
1482,682,5.607207
1483,682,1.563964
1484,682,1.284685
1485,681,7.232852
1486,681,5.120939
1487,681,5.072202
1488,681,1.703971
1489,681,1.666065
1490,681,1.601083
1491,680,7.531646
1492,680,6.772152
1493,680,6.235081
1494,680,4.871609
1495,680,4.685353
1496,679,6.134058
1497,679,3.244565
1498,679,2.740942
1499,679,1.420290
1500,678,7.312160
1501,677,4.221818
1502,676,6.615665
1503,676,3.719490
1504,676,1.632058
1505,675,6.220803
1506,675,5.799270
1507,675,5.607664
1508,675,5.520073
1509,675,3.567518
1510,675,3.501825
1511,675,1.116788
1512,674,1.012797
1513,673,8.186813
1514,673,6.571429
1515,673,6.206960
1516,673,5.238095
1517,673,5.212454
1518,673,2.904762
1519,673,1.338828
1520,672,7.280734
1521,672,5.499083
1522,672,1.445872
1523,671,5.602941
1524,671,3.889706
1525,671,2.943015
1526,671,1.518382
1527,671,1.172794
1528,670,5.685083
1529,670,1.602210
1530,668,6.182994
1531,668,5.809612
1532,668,4.841035
1533,668,3.369686
1534,668,1.658041
1535,668,1.371534
1536,668,1.243993
1537,668,0.855823
1538,667,1.855556
1539,667,1.157407
1540,666,6.300557
1541,666,5.641929
1542,666,4.840445
1543,665,8.427509
1544,665,7.133829
1545,664,8.342644
1546,664,7.134078
1547,664,4.839851
1548,664,1.424581
1549,664,1.307263
1550,664,1.173184
1551,663,6.416045
1552,663,6.069030
1553,663,3.994403
1554,663,1.339552
1555,662,0.960748
1556,661,2.932584
1557,661,1.852060
1558,660,4.969981
1559,659,9.601504
1560,659,5.310150
1561,659,3.073308
1562,659,0.787594
1563,658,5.828625
1564,658,5.647834
1565,658,3.182674
1566,658,1.790960
1567,658,0.892655
1568,657,5.443396
1569,657,1.566038
1570,656,3.289225
1571,655,6.401515
1572,655,1.676136
1573,655,1.380682
1574,653,5.779468
1575,653,5.260456
1576,653,4.547529
1577,653,3.235741
1578,652,3.407619
1579,651,1.538168
1580,650,7.483748
1581,650,6.931166
1582,650,3.017208
1583,650,1.491396
1584,649,5.524904
1585,649,2.459770
1586,649,1.247126
1587,648,7.460653
1588,648,6.493282
1589,648,5.975048
1590,648,5.913628
1591,648,5.143954
1592,648,2.410749
1593,648,1.305182
1594,647,8.553846
1595,647,7.094231
1596,647,1.753846
1597,647,1.415385
1598,647,1.242308
1599,647,1.223077
1600,646,5.840077
1601,646,5.298651
1602,645,4.976834
1603,644,6.454545
1604,644,4.878143
1605,644,3.444874
1606,643,6.166667
1607,643,4.891473
1608,643,2.720930
1609,642,7.555340
1610,642,7.095146
1611,641,1.626459
1612,640,1.161793
1613,639,7.146484
1614,639,2.900391
1615,638,7.962818
1616,638,5.632094
1617,638,1.917808
1618,638,1.606654
1619,637,6.439216
1620,637,1.307843
1621,636,7.039293
1622,635,7.078740
1623,635,6.622047
1624,635,3.576772
1625,635,1.690945
1626,634,7.483235
1627,634,4.771203
1628,634,3.562130
1629,634,2.224852
1630,634,1.104536
1631,633,5.043478
1632,633,1.632411
1633,633,1.503953
1634,632,7.815842
1635,631,1.158730
1636,630,6.184891
1637,630,5.590457
1638,630,5.576541
1639,630,2.489066
1640,630,1.703777
1641,630,1.534791
1642,629,8.069721
1643,629,7.384462
1644,629,3.946215
1645,629,1.505976
1646,628,5.029940
1647,628,4.479042
1648,628,2.015968
1649,628,1.628743
1650,628,1.391218
1651,628,0.916168
1652,627,3.046000
1653,627,1.172000
1654,626,4.136273
1655,624,6.909457
1656,624,5.480885
1657,624,1.225352
1658,623,5.385081
1659,623,1.532258
1660,622,6.290909
1661,622,6.278788
1662,622,4.991919
1663,622,2.612121
1664,622,2.046465
1665,622,1.616162
1666,621,1.858300
1667,621,1.674089
1668,620,5.965517
1669,620,1.320487
1670,619,5.579268
1671,619,2.487805
1672,619,1.941057
1673,619,1.613821
1674,618,5.598778
1675,618,1.755601
1676,617,1.518367
1677,616,6.799591
1678,616,6.175869
1679,616,4.713701
1680,616,4.208589
1681,615,4.846311
1682,614,3.720739
1683,613,6.006173
1684,613,4.979424
1685,613,1.648148
1686,613,1.584362
1687,613,1.094650
1688,613,0.827160
1689,612,6.967010
1690,612,6.672165
1691,611,3.586777
1692,611,3.123967
1693,611,2.092975
1694,611,1.394628
1695,610,8.180124
1696,610,5.761905
1697,609,6.497925
1698,609,5.039419
1699,609,4.786307
1700,609,3.336100
1701,609,2.904564
1702,609,2.751037
1703,609,2.275934
1704,608,5.877339
1705,608,5.197505
1706,608,4.284823
1707,608,2.141372
1708,608,1.750520
1709,608,1.318087
1710,607,2.816667
1711,607,2.162500
1712,607,0.702083
1713,606,10.359081
1714,606,4.369520
1715,606,1.254697
1716,605,1.207113
1717,605,0.979079
1718,605,0.809623
1719,604,8.876310
1720,604,6.165618
1721,604,5.408805
1722,604,5.379455
1723,604,1.354298
1724,604,1.264151
1725,603,7.758403
1726,603,3.531513
1727,603,3.207983
1728,603,1.252101
1729,603,0.728992
1730,602,5.496842
1731,602,1.694737
1732,602,1.378947
1733,601,8.270042
1734,601,6.381857
1735,601,5.584388
1736,601,4.512658
1737,601,4.040084
1738,601,1.888186
1739,601,1.407173
1740,601,1.132911
1741,600,10.763214
1742,600,6.651163
1743,600,1.014799
1744,599,7.150424
1745,599,2.853814
1746,598,7.053079
1747,598,4.135881
1748,598,1.089172
1749,597,7.955319
1750,597,2.865957
1751,596,7.597015
1752,596,6.699360
1753,596,5.289979
1754,596,3.746269
1755,596,3.594883
1756,596,2.773987
1757,595,9.463675
1758,595,5.183761
1759,595,2.403846
1760,595,2.232906
1761,595,1.153846
1762,594,6.203426
1763,594,6.010707
1764,594,5.432548
1765,594,4.588865
1766,594,3.184154
1767,594,1.676660
1768,594,1.466809
1769,593,7.959227
1770,593,2.208155
1771,593,1.416309
1772,592,6.791398
1773,592,6.217204
1774,592,5.724731
1775,592,1.365591
1776,592,1.111828
1777,591,3.881466
1778,591,3.336207
1779,591,1.691810
1780,591,1.635776
1781,591,1.028017
1782,590,2.125270
1783,589,7.987013
1784,589,7.984848
1785,589,5.558442
1786,589,4.963203
1787,588,4.772234
1788,588,4.516269
1789,588,3.696312
1790,588,2.605206
1791,587,7.621739
1792,587,7.582609
1793,587,4.763043
1794,587,0.758696
1795,586,6.932462
1796,586,1.921569
1797,586,1.074074
1798,586,0.915033
1799,585,6.755459
1800,585,5.423581
1801,585,4.102620
1802,585,2.419214
1803,585,1.587336
1804,585,1.122271
1805,584,4.835886
1806,584,4.538293
1807,584,1.019694
1808,583,5.462719
1809,583,3.625000
1810,582,6.918681
1811,582,3.835165
1812,582,3.518681
1813,581,6.224670
1814,581,4.449339
1815,581,2.947137
1816,581,2.081498
1817,581,1.955947
1818,581,1.504405
1819,580,7.275938
1820,580,4.275938
1821,580,1.982340
1822,580,1.770419
1823,580,1.198675
1824,580,0.874172
1825,579,7.347345
1826,579,6.581858
1827,579,5.723451
1828,579,4.550885
1829,579,2.559735
1830,579,0.891593
1831,579,0.761062
1832,578,3.492239
1833,578,1.419069
1834,577,4.253333
1835,577,2.088889
1836,577,1.935556
1837,576,4.365256
1838,576,3.884187
1839,576,1.748330
1840,576,1.697105
1841,575,9.162946
1842,575,6.093750
1843,575,4.868304
1844,575,2.328125
1845,574,4.791946
1846,574,4.060403
1847,574,3.062640
1848,574,2.085011
1849,574,1.881432
1850,573,8.134529
1851,573,2.195067
1852,573,1.237668
1853,573,1.190583
1854,572,9.678652
1855,572,4.130337
1856,572,3.640449
1857,572,3.325843
1858,572,0.838202
1859,571,4.101351
1860,571,2.844595
1861,571,2.164414
1862,571,1.583333
1863,571,1.308559
1864,571,1.069820
1865,570,4.130926
1866,570,3.550790
1867,570,1.907449
1868,570,1.589165
1869,570,1.550790
1870,570,1.200903
1871,569,1.312217
1872,569,1.203620
1873,569,0.952489
1874,568,7.750567
1875,568,1.886621
1876,568,1.469388
1877,568,1.219955
1878,568,1.192744
1879,568,1.142857
1880,567,10.284091
1881,567,6.463636
1882,567,5.970455
1883,567,5.752273
1884,567,4.231818
1885,567,3.650000
1886,567,1.915909
1887,567,0.784091
1888,567,0.784091
1889,566,1.665148
1890,565,5.956621
1891,565,5.150685
1892,565,4.787671
1893,565,1.255708
1894,564,10.306636
1895,564,1.654462
1896,564,1.503432
1897,564,1.016018
1898,563,3.660550
1899,563,2.334862
1900,562,6.717241
1901,562,6.577011
1902,562,4.754023
1903,562,4.604598
1904,562,1.243678
1905,562,0.942529
1906,561,3.806452
1907,561,1.679724
1908,561,1.281106
1909,561,0.799539
1910,560,5.577367
1911,560,5.297921
1912,560,4.443418
1913,559,8.949074
1914,559,6.256944
1915,559,4.078704
1916,558,8.689095
1917,557,9.339535
1918,557,4.623256
1919,557,4.613953
1920,557,3.790698
1921,557,3.534884
1922,557,3.458140
1923,557,1.844186
1924,557,1.744186
1925,557,1.651163
1926,557,1.186047
1927,556,7.135198
1928,556,6.557110
1929,556,2.251748
1930,556,1.463869
1931,555,7.457944
1932,555,6.535047
1933,555,5.929907
1934,555,4.301402
1935,555,3.901869
1936,555,3.172897
1937,555,0.967290
1938,555,0.817757
1939,554,6.599532
1940,554,1.229508
1941,553,6.129108
1942,553,4.124413
1943,553,2.694836
1944,553,2.431925
1945,553,1.539906
1946,553,0.786385
1947,552,6.087059
1948,552,2.487059
1949,552,2.065882
1950,552,1.037647
1951,552,0.887059
1952,551,3.077830
1953,550,1.103774
1954,550,6.940898
1955,550,4.023641
1956,550,3.267139
1957,550,1.763593
1958,550,1.567376
1959,550,1.432624
1960,549,6.073460
1961,549,5.511848
1962,549,1.798578
1963,549,1.056872
1964,549,0.952607
1965,548,7.679335
1966,548,3.501188
1967,548,3.016627
1968,548,2.695962
1969,548,1.465558
1970,548,1.273159
1971,547,4.580952
1972,547,3.888095
1973,547,2.571429
1974,546,3.248210
1975,546,2.534606
1976,546,1.303103
1977,546,1.212411
1978,546,1.100239
1979,545,7.624402
1980,545,4.830144
1981,545,3.105263
1982,545,2.205742
1983,545,1.990431
1984,545,1.059809
1985,544,4.549161
1986,544,1.143885
1987,544,0.762590
1988,543,6.317308
1989,542,8.260241
1990,542,6.383133
1991,542,5.493976
1992,542,2.592771
1993,542,1.291566
1994,542,0.867470
1995,541,5.956522
1996,541,5.695652
1997,541,3.997585
1998,541,3.777778
1999,541,0.845411
2000,540,8.162228
2001,540,7.024213
2002,540,6.668281
2003,540,1.457627
2004,539,3.924757
2005,539,1.529126
2006,538,51.729927
2007,538,4.824818
2008,538,4.379562
2009,538,2.873479
2010,538,1.598540
2011,538,1.065693
2012,537,4.631707
2013,537,2.882927
2014,537,1.670732
2015,537,1.543902
2016,537,0.807317
2017,536,6.931540
2018,536,4.151589
2019,536,1.836186
2020,536,1.542787
2021,536,0.843521
2022,536,0.792176
2023,535,8.629902
2024,535,4.664216
2025,534,5.656020
2026,534,5.144963
2027,534,3.174447
2028,534,1.525799
2029,534,1.366093
2030,534,1.078624
2031,534,0.670762
2032,533,5.940887
2033,533,2.938424
2034,533,1.820197
2035,533,1.551724
2036,533,0.798030
2037,533,0.566502
2038,532,7.525926
2039,532,6.382716
2040,532,4.696296
2041,532,4.679012
2042,532,4.106173
2043,532,3.222222
2044,532,2.997531
2045,532,1.244444
2046,532,0.743210
2047,531,11.185644
2048,531,1.616337
2049,531,1.564356
2050,531,0.844059
2051,530,9.233251
2052,530,4.992556
2053,530,4.464020
2054,530,2.888337
2055,530,2.838710
2056,530,1.970223
2057,530,1.657568
2058,530,1.491315
2059,530,1.315136
2060,530,1.084367
2061,529,5.417910
2062,529,4.574627
2063,529,4.000000
2064,529,1.731343
2065,529,0.947761
2066,528,0.825436
2067,528,0.820449
2068,527,8.210000
2069,527,6.985000
2070,527,5.655000
2071,527,5.652500
2072,527,4.417500
2073,527,3.850000
2074,527,1.917500
2075,527,1.892500
2076,527,1.595000
2077,527,1.487500
2078,527,1.482500
2079,526,3.568922
2080,526,1.240602
2081,526,0.724311
2082,526,0.711779
2083,525,7.371859
2084,525,4.532663
2085,525,3.703518
2086,525,2.969849
2087,525,1.123116
2088,525,0.811558
2089,524,6.589421
2090,524,6.450882
2091,524,5.342569
2092,524,2.012594
2093,524,1.037783
2094,524,0.871537
2095,524,0.846348
2096,523,5.891414
2097,523,4.542929
2098,523,3.936869
2099,523,1.661616
2100,522,3.607595
2101,522,2.886076
2102,522,1.460759
2103,521,7.961929
2104,520,6.366412
2105,520,5.608142
2106,520,5.562341
2107,520,4.302799
2108,520,4.027990
2109,520,3.302799
2110,520,1.236641
2111,519,8.316327
2112,519,7.609694
2113,519,4.147959
2114,519,3.971939
2115,519,3.760204
2116,519,1.548469
2117,519,0.908163
2118,518,5.375959
2119,518,5.237852
2120,518,2.127877
2121,518,1.808184
2122,518,1.278772
2123,518,1.184143
2124,518,0.856777
2125,517,4.956410
2126,517,4.917949
2127,517,3.307692
2128,516,7.000000
2129,516,3.136247
2130,516,3.023136
2131,516,0.907455
2132,515,7.623711
2133,515,7.054124
2134,515,5.680412
2135,515,5.149485
2136,515,3.335052
2137,515,0.850515
2138,514,4.312661
2139,514,3.467700
2140,514,1.387597
2141,513,5.077720
2142,513,4.790155
2143,513,4.274611
2144,513,3.129534
2145,513,2.505181
2146,513,1.803109
2147,513,1.334197
2148,513,1.152850
2149,512,8.189610
2150,512,5.145455
2151,512,4.781818
2152,512,3.997403
2153,512,2.753247
2154,512,1.792208
2155,512,1.251948
2156,512,1.163636
2157,512,0.896104
2158,512,0.748052
2159,511,7.161458
2160,511,6.671875
2161,511,3.187500
2162,511,2.630208
2163,511,1.276042
2164,511,1.020833
2165,511,0.994792
2166,510,5.425587
2167,510,1.668407
2168,510,1.352480
2169,510,1.300261
2170,510,1.224543
2171,510,0.877285
2172,509,4.253927
2173,509,3.418848
2174,509,2.486911
2175,509,1.311518
2176,509,0.874346
2177,508,8.007874
2178,508,5.863517
2179,508,5.482940
2180,508,5.068241
2181,508,1.876640
2182,508,1.498688
2183,508,1.186352
2184,508,0.737533
2185,507,5.836842
2186,507,4.771053
2187,507,2.694737
2188,507,2.594737
2189,507,1.605263
2190,506,5.617414
2191,506,5.559367
2192,506,4.237467
2193,506,3.820580
2194,506,1.955145
2195,506,0.738786
2196,505,8.108466
2197,505,4.804233
2198,505,4.708995
2199,505,3.947090
2200,505,2.293651
2201,505,0.888889
2202,505,0.886243
2203,504,3.267905
2204,504,2.201592
2205,504,1.819629
2206,504,1.689655
2207,504,1.156499
2208,504,0.843501
2209,503,7.742021
2210,503,3.779255
2211,503,2.404255
2212,503,1.093085
2213,503,0.914894
2214,502,6.952000
2215,502,6.117333
2216,502,4.434667
2217,502,2.744000
2218,502,2.554667
2219,502,1.133333
2220,502,1.082667
2221,502,0.917333
2222,501,10.475936
2223,501,8.114973
2224,501,6.858289
2225,501,1.679144
2226,501,0.810160
2227,501,0.558824
2228,500,6.461126
2229,500,6.042895
2230,500,4.860590
2231,500,4.689008
2232,500,4.479893
2233,500,1.737265
2234,499,1.682796
2235,499,1.473118
2236,498,5.692722
2237,498,1.250674
2238,497,4.245946
2239,497,2.621622
2240,497,1.945946
2241,497,1.754054
2242,497,0.848649
2243,495,6.054348
2244,495,4.546196
2245,495,3.095109
2246,495,0.945652
2247,495,0.937500
2248,495,0.657609
2249,494,4.806540
2250,494,4.204360
2251,494,1.444142
2252,494,1.444142
2253,494,1.288828
2254,494,0.942779
2255,493,7.554645
2256,493,1.382514
2257,492,7.717808
2258,492,4.536986
2259,492,4.224658
2260,492,2.073973
2261,492,1.621918
2262,492,1.024658
2263,491,4.428571
2264,491,4.315934
2265,491,1.717033
2266,491,0.961538
2267,491,0.903846
2268,490,7.528926
2269,490,2.460055
2270,490,1.595041
2271,490,1.440771
2272,490,0.809917
2273,489,5.116022
2274,489,4.209945
2275,489,0.955801
2276,488,3.293629
2277,488,1.445983
2278,488,1.002770
2279,487,4.733333
2280,487,4.341667
2281,487,4.041667
2282,487,3.988889
2283,487,2.300000
2284,487,1.925000
2285,487,1.563889
2286,486,5.091922
2287,486,4.022284
2288,486,2.415042
2289,486,0.947075
2290,485,6.564246
2291,485,5.717877
2292,485,5.553073
2293,485,3.279330
2294,485,1.203911
2295,484,6.476190
2296,484,4.913165
2297,484,4.882353
2298,484,2.277311
2299,484,1.585434
2300,483,7.778090
2301,483,5.595506
2302,483,5.474719
2303,483,2.721910
2304,483,1.910112
2305,483,1.561798
2306,483,1.238764
2307,483,1.070225
2308,483,0.941011
2309,483,0.926966
2310,483,0.873596
2311,482,4.467606
2312,482,2.777465
2313,482,2.005634
2314,482,1.484507
2315,482,0.845070
2316,481,5.112994
2317,481,3.920904
2318,481,2.887006
2319,481,2.008475
2320,481,1.785311
2321,481,1.624294
2322,481,1.446328
2323,480,6.277620
2324,480,4.886686
2325,480,2.597734
2326,480,2.424929
2327,480,1.065156
2328,480,0.722380
2329,479,4.326705
2330,479,3.380682
2331,479,2.917614
2332,479,1.764205
2333,479,1.579545
2334,479,1.463068
2335,479,1.326705
2336,479,1.105114
2337,479,0.826705
2338,478,7.096866
2339,478,5.977208
2340,478,5.746439
2341,478,5.068376
2342,478,1.820513
2343,478,1.749288
2344,478,1.242165
2345,478,0.985755
2346,477,6.448571
2347,477,4.451429
2348,477,1.534286
2349,477,1.480000
2350,477,1.148571
2351,476,6.544413
2352,476,5.045845
2353,476,4.249284
2354,476,3.140401
2355,476,2.154728
2356,476,1.805158
2357,476,1.802292
2358,476,1.203438
2359,476,0.942693
2360,475,5.979885
2361,475,4.890805
2362,475,4.097701
2363,475,3.333333
2364,475,3.201149
2365,475,2.399425
2366,475,1.741379
2367,475,1.675287
2368,475,1.011494
2369,475,0.747126
2370,474,5.953890
2371,474,1.631124
2372,474,1.282421
2373,474,1.181556
2374,474,0.847262
2375,473,10.026012
2376,473,8.326590
2377,473,6.491329
2378,473,6.037572
2379,473,5.716763
2380,473,4.112717
2381,473,1.343931
2382,473,0.985549
2383,472,6.585507
2384,472,6.211594
2385,472,5.771014
2386,472,4.252174
2387,472,3.582609
2388,472,3.452174
2389,472,1.240580
2390,472,0.971014
2391,471,11.116279
2392,471,4.930233
2393,471,3.034884
2394,471,2.744186
2395,471,2.718023
2396,471,2.005814
2397,471,1.947674
2398,471,1.377907
2399,471,1.238372
2400,471,1.000000
2401,471,0.886628
2402,470,6.285714
2403,470,1.653061
2404,469,5.678363
2405,469,2.540936
2406,469,2.350877
2407,469,1.994152
2408,469,1.970760
2409,469,0.888889
2410,468,7.340176
2411,468,7.108504
2412,468,2.222874
2413,468,0.715543
2414,467,8.070588
2415,467,6.335294
2416,467,6.138235
2417,467,5.882353
2418,467,5.573529
2419,467,5.285294
2420,467,4.047059
2421,467,2.026471
2422,467,1.314706
2423,467,1.129412
2424,467,0.947059
2425,466,7.587021
2426,466,4.672566
2427,466,3.814159
2428,466,3.581121
2429,466,1.684366
2430,466,1.530973
2431,466,1.318584
2432,466,1.100295
2433,466,1.020649
2434,466,1.017699
2435,466,0.964602
2436,466,0.840708
2437,465,6.224852
2438,465,4.914201
2439,465,4.884615
2440,465,1.727811
2441,465,1.121302
2442,465,0.967456
2443,464,6.949555
2444,464,5.985163
2445,464,4.626113
2446,464,4.103858
2447,464,3.284866
2448,464,2.403561
2449,464,1.744807
2450,464,1.430267
2451,464,0.789318
2452,463,1.547619
2453,463,1.026786
2454,463,0.848214
2455,462,5.677612
2456,462,5.620896
2457,462,5.453731
2458,462,4.979104
2459,462,4.197015
2460,462,3.761194
2461,462,2.889552
2462,462,2.379104
2463,462,1.537313
2464,462,0.967164
2465,462,0.937313
2466,461,7.032934
2467,461,6.338323
2468,461,5.655689
2469,461,4.979042
2470,461,4.946108
2471,461,1.538922
2472,461,1.269461
2473,461,1.134731
2474,460,16.312312
2475,460,8.012012
2476,460,3.480480
2477,460,1.819820
2478,460,1.306306
2479,460,0.831832
2480,459,2.578313
2481,459,1.810241
2482,459,1.457831
2483,459,0.795181
2484,459,0.719880
2485,458,6.577039
2486,458,3.311178
2487,458,2.160121
2488,458,1.927492
2489,458,1.492447
2490,458,1.471299
2491,458,1.211480
2492,458,1.027190
2493,457,7.272727
2494,457,4.248485
2495,457,2.196970
2496,457,1.387879
2497,457,1.318182
2498,457,0.878788
2499,456,13.437690
2500,456,6.155015
2501,456,3.945289
2502,456,3.933131
2503,456,3.778116
2504,456,2.574468
2505,456,1.869301
2506,456,1.370821
2507,456,1.203647
2508,456,1.051672
2509,456,1.012158
2510,455,3.856707
2511,455,3.524390
2512,455,2.780488
2513,455,2.509146
2514,455,1.323171
2515,455,0.792683
2516,454,7.382263
2517,454,6.733945
2518,454,5.458716
2519,454,4.553517
2520,454,2.562691
2521,454,2.064220
2522,454,1.055046
2523,453,8.042945
2524,453,5.521472
2525,453,4.312883
2526,453,3.530675
2527,453,3.432515
2528,453,3.279141
2529,453,2.650307
2530,453,2.266871
2531,453,1.082822
2532,453,0.969325
2533,453,0.932515
2534,452,7.818462
2535,452,3.944615
2536,452,2.360000
2537,452,1.716923
2538,452,1.532308
2539,452,1.529231
2540,452,1.516923
2541,451,7.586420
2542,451,6.419753
2543,451,5.299383
2544,451,2.814815
2545,451,1.712963
2546,451,1.703704
2547,451,1.370370
2548,451,1.172840
2549,451,0.901235
2550,451,0.756173
2551,450,6.312693
2552,450,3.715170
2553,450,2.439628
2554,450,2.309598
2555,450,1.798762
2556,450,0.993808
2557,450,0.959752
2558,450,0.956656
2559,449,7.822981
2560,449,5.956522
2561,449,4.779503
2562,449,2.080745
2563,449,1.593168
2564,449,1.590062
2565,449,1.080745
2566,449,1.043478
2567,449,0.863354
2568,449,0.813665
2569,448,5.133956
2570,448,3.750779
2571,448,3.501558
2572,448,2.043614
2573,448,1.732087
2574,448,1.420561
2575,448,1.037383
2576,448,1.012461
2577,448,0.781931
2578,447,6.653125
2579,447,4.068750
2580,447,3.909375
2581,447,2.843750
2582,447,1.543750
2583,447,1.396875
2584,447,0.800000
2585,446,7.210031
2586,446,6.642633
2587,446,5.285266
2588,446,2.802508
2589,446,1.611285
2590,446,1.263323
2591,446,1.072100
2592,446,0.846395
2593,445,6.015723
2594,445,5.849057
2595,445,4.094340
2596,445,3.619497
2597,445,2.918239
2598,445,2.855346
2599,445,1.676101
2600,445,1.481132
2601,445,0.993711
2602,444,4.413249
2603,444,4.233438
2604,444,2.662461
2605,444,2.652997
2606,444,1.517350
2607,444,1.252366
2608,444,0.971609
2609,444,0.955836
2610,443,7.117089
2611,443,5.990506
2612,443,3.151899
2613,443,2.503165
2614,443,2.310127
2615,443,2.006329
2616,443,2.000000
2617,443,1.778481
2618,443,1.297468
2619,443,1.265823
2620,443,1.145570
2621,443,1.094937
2622,443,0.946203
2623,442,6.361905
2624,442,5.628571
2625,442,5.409524
2626,442,4.749206
2627,442,4.552381
2628,442,4.203175
2629,442,4.165079
2630,442,3.971429
2631,442,2.171429
2632,442,1.361905
2633,442,1.228571
2634,442,1.028571
2635,441,5.748408
2636,441,5.598726
2637,441,5.168790
2638,441,4.894904
2639,441,4.168790
2640,441,4.063694
2641,441,3.859873
2642,441,3.598726
2643,441,2.178344
2644,441,1.535032
2645,441,1.433121
2646,441,1.404459
2647,441,1.028662
2648,441,1.000000
2649,441,0.789809
2650,441,0.550955
2651,440,6.722045
2652,440,4.568690
2653,440,4.009585
2654,440,3.833866
2655,440,2.322684
2656,440,2.182109
2657,440,1.785942
2658,440,1.693291
2659,440,1.399361
2660,440,1.089457
2661,440,0.789137
2662,440,0.766773
2663,439,7.073718
2664,439,3.926282
2665,439,3.647436
2666,439,2.205128
2667,439,2.182692
2668,439,1.365385
2669,439,1.333333
2670,439,1.108974
2671,439,0.714744
2672,438,4.434084
2673,438,3.758842
2674,438,3.012862
2675,438,1.372990
2676,438,1.254019
2677,438,1.035370
2678,437,6.574194
2679,437,6.387097
2680,437,3.687097
2681,437,3.500000
2682,437,3.083871
2683,437,1.316129
2684,437,1.090323
2685,437,1.045161
2686,437,0.854839
2687,437,0.816129
2688,436,9.213592
2689,436,6.042071
2690,436,5.708738
2691,436,4.980583
2692,436,4.488673
2693,436,3.190939
2694,436,2.669903
2695,436,2.181230
2696,436,2.142395
2697,436,2.045307
2698,436,1.650485
2699,436,1.579288
2700,436,1.401294
2701,436,1.093851
2702,436,1.035599
2703,436,0.951456
2704,435,7.422078
2705,435,7.399351
2706,435,2.129870
2707,435,2.110390
2708,435,1.847403
2709,435,1.561688
2710,435,1.298701
2711,435,1.259740
2712,435,0.967532
2713,435,0.853896
2714,435,0.740260
2715,434,4.364821
2716,434,4.338762
2717,433,3.876221
2718,434,2.654723
2719,434,2.120521
2720,434,2.022801
2721,434,1.957655
2722,434,1.941368
2723,434,1.882736
2724,434,1.745928
2725,434,0.820847
2726,433,6.320261
2727,433,5.856209
2728,433,5.810458
2729,433,5.797386
2730,433,5.107843
2731,433,4.245098
2732,433,3.418301
2733,433,2.620915
2734,433,1.094771
2735,433,1.003268
2736,432,6.636066
2737,432,6.262295
2738,432,5.127869
2739,432,4.216393
2740,432,3.947541
2741,432,2.331148
2742,432,2.183607
2743,432,1.790164
2744,432,1.081967
2745,432,0.940984
2746,431,6.141447
2747,431,4.888158
2748,431,1.351974
2749,431,1.243421
2750,431,0.963816
2751,431,0.835526
2752,430,5.178218
2753,430,4.950495
2754,430,4.287129
2755,430,3.204620
2756,430,2.831683
2757,430,2.792079
2758,430,2.029703
2759,430,1.112211
2760,429,7.602649
2761,429,5.804636
2762,429,2.887417
2763,429,2.294702
2764,429,1.413907
2765,429,1.301325
2766,429,1.119205
2767,429,1.096026
2768,429,1.089404
2769,429,0.824503
2770,429,0.496689
2771,428,4.963455
2772,428,4.352159
2773,428,4.209302
2774,428,3.657807
2775,428,2.279070
2776,428,1.411960
2777,428,1.388704
2778,428,1.262458
2779,428,0.617940
2780,428,0.511628
2781,405,209.223022
2782,391,4.409091
2783,349,66.887387
2784,330,12.300493
2785,255,21.687500
2786,253,18.396825
2787,247,13.691667
2788,242,13.078261
2789,230,26.398058
2790,200,53.534247
2791,133,1.000000
2792,128,7881.000000
2793,128,64.000000
